001.00003
002.00006
003.00008
004.00014
005.00018
006.00026
007.00032
008.00042
009.00050
010.00062
011.00072
012.00086
013.00098
014.00114
015.00128
016.00146
017.00163
018.00182
019.00201
020.00222
021.00243
022.00266
023.00289
024.00314
025.00339
026.00366
027.00393
028.00422
029.00451
030.00482
031.00513
032.00546
033.00579
034.00614
035.00649
036.00686
037.00723
038.00762
039.00801
040.00842
041.00883
042.00926
043.00969
044.01014
045.01059
046.01106
047.01153
048.01202
049.01251
050.01302
051.01353
052.01406
053.01459
054.01514
055.01569
056.01626
057.01683
058.01742
059.01801
060.01862
061.01923
062.01986
063.02049
064.02114
065.02179
066.02246
067.02313
068.02382
069.02451
070.02522
071.02593
072.02666
073.02739
074.02814
075.02889
076.02966
077.03043
078.03122
079.03201
080.03282
081.03363
082.03446
083.03529
084.03614
085.03699
086.03786
087.03873
088.03962
089.04051
090.04142
091.04233
092.04326
093.04419
094.04514
095.04609
096.04706
097.04803
098.04902
099.05001
100.05102
101.05203
102.05306
103.05409
104.05514
105.05619
106.05726
107.05833
108.05942
109.06051
110.06162
111.06273
112.06386
113.06499
114.06614
115.06729
116.06846
117.06963
118.07082
119.07201
120.07322
121.07443
122.07566
123.07689
124.07814
125.07939
126.08066
127.08193
128.08322
129.08451
130.08582
131.08713
132.08846
133.08979
134.09114
135.09249
136.09386
137.09523
138.09662
139.09801
140.09942
141.10083
142.10226
143.10369
144.10514
145.10659
146.10806
147.10953
148.11102
149.11251
150.11402
151.11553
152.11706
153.11859
154.12014
155.12169
156.12326
157.12483
158.12642
159.12801
160.12962
161.13123
162.13286
163.13449
164.13614
165.13779
166.13946
167.14113
168.14282
169.14451
170.14622
171.14793
172.14966
173.15139
174.15314
175.15489
176.15666
177.15843
178.16022
179.16201
180.16382
